36 0.33971486 0.83381546
62 0.95942343 0.72072001
64 1.         0.61443242
66 0.6384781 0.92937411
68 0.56762369 0.91935166
24 0.28853978 0.55724567
26 0.38263424 0.70860269
48 0.36186661 0.89256203
46 0.40389026 0.9139712
18 0.7529765 0.9338916
1 0.71080663 0.32577851
3 0.6435716 0.31767413
2 0.70851706 0.43396573
5 0.75488992 0.12534754
4 0.6148223 0.45160813
7 0.58874967 0.106576  
6 0.8242244 0.45640022
9 0.35766497 0.13464725
8 0.69125548 0.55685895
39 0.0947376 0.37876586
76 0.55455111 0.96393098
12 0.4841886 0.65945609
10 0.54287533 0.36576479
13 0.26358029 0.32596595
38 0.         0.61230095
14 0.82732925 0.66803138
16 0.53973047 0.75716994
33 0.32506039 0.        
54 0.85466484 0.85987734
57 0.33063562 0.97628519
56 0.64722523 0.87433836
37 0.07787095 0.19179444
50 0.90437402 0.80477246
35 0.20173759 0.0634642 
34 0.14733428 0.69674334
32 0.49357704 0.85452891
31 0.13644466  0.19060262
